a = 30;
b = 30;
G1 = tf(2500*b/a*[1 a], conv([1 b], [1 40 2500]))
b = 30.01;
G2 = tf(2500*b/a*[1 a], conv([1 b], [1 40 2500]))
b = 30.1;
G3 = tf(2500*b/a*[1 a], conv([1 b], [1 40 2500]))
b = 30.5;
G4 = tf(2500*b/a*[1 a], conv([1 b], [1 40 2500]))
b = 31;
G5 = tf(2500*b/a*[1 a], conv([1 b], [1 40 2500]))
b = 35;
G6 = tf(2500*b/a*[1 a], conv([1 b], [1 40 2500]))
b = 40;
G7 = tf(2500*b/a*[1 a], conv([1 b], [1 40 2500]))
